1 0 0x200 0 0
2 0 0x100 0 0
3 0 0x400 0 0
4 0 0x800 0 100
5 5 0x200 8 0
6 10 0x200 9 0
7 10 0x400 0 0
8 15 0x200 10 0
9 20 0x200 11 0
10 20 0x400 0 0
11 25 0x200 12 0
12 30 0x200 13 0
13 30 0x400 0 0
14 35 0x200 14 0
15 40 0x200 15 0
16 40 0x400 0 0
17 45 0x200 16 0
18 50 0x200 16 0
19 50 0x100 0 0
20 50 0x400 0 0
21 55 0x200 17 0
22 60 0x200 18 0
23 60 0x400 0 0
24 65 0x200 19 0
25 70 0x200 100 0
26 70 0x400 0 0
27 75 0x200 100 0
28 80 0x200 100 0
29 80 0x400 0 0
30 85 0x200 100 0
31 90 0x200 100 0
32 90 0x400 0 0
33 95 0x200 100 0
34 100 0x200 100 0
35 100 0x100 0 1
36 100 0x400 0 0
37 100 0x800 0 98
38 105 0x200 100 0
39 110 0x200 100 0
40 110 0x400 0 0
41 115 0x200 100 0
42 120 0x200 100 0
43 120 0x400 0 0
44 125 0x200 100 0
45 130 0x200 100 0
46 130 0x400 0 0
47 135 0x200 100 0
48 140 0x200 100 0
49 140 0x400 0 0
50 145 0x200 100 0
51 150 0x200 100 0
52 150 0x100 0 4
53 150 0x400 0 0
54 155 0x200 100 0
55 160 0x200 100 0
56 160 0x400 0 0
57 165 0x200 100 0
58 170 0x200 100 0
59 170 0x400 0 0
60 175 0x200 100 0
61 180 0x200 100 0
62 180 0x400 0 0
63 185 0x200 100 0
64 190 0x200 100 0
65 190 0x400 0 0
66 195 0x200 100 0
67 200 0x200 100 0
68 200 0x100 0 6
69 200 0x400 0 0
70 200 0x800 0 97
71 205 0x200 100 0
72 210 0x200 100 0
73 210 0x400 0 0
74 215 0x200 100 0
75 220 0x200 100 0
76 220 0x400 0 0
77 225 0x200 100 0
78 230 0x200 100 0
79 230 0x400 0 0
80 235 0x200 100 0
81 240 0x200 100 0
82 240 0x400 0 0
83 245 0x200 100 0
84 250 0x200 100 0
85 250 0x100 0 9
86 250 0x400 0 0
87 255 0x200 100 0
88 260 0x200 100 0
89 260 0x400 0 0
90 265 0x200 100 0
91 270 0x200 100 0
92 270 0x400 0 0
93 275 0x200 100 0
94 280 0x200 100 0
95 280 0x400 0 0
96 285 0x200 100 0
97 290 0x200 100 0
98 290 0x400 0 0
99 295 0x200 100 0
100 300 0x200 100 0
101 300 0x100 0 11
102 300 0x400 0 0
103 300 0x800 0 95
104 305 0x200 100 0
105 310 0x200 100 0
106 310 0x400 0 0
107 315 0x200 100 0
108 320 0x200 100 0
109 320 0x400 0 0
110 325 0x200 100 0
111 330 0x200 100 0
112 330 0x400 0 0
113 335 0x200 100 0
114 340 0x200 100 0
115 340 0x400 0 0
116 345 0x200 100 0
117 350 0x200 100 0
118 350 0x100 0 14
119 350 0x400 0 0
120 355 0x200 100 0
121 360 0x200 100 0
122 360 0x400 0 0
123 365 0x200 100 0
124 370 0x200 100 0
125 370 0x400 0 0
126 375 0x200 100 0
127 380 0x200 100 0
128 380 0x400 0 0
129 385 0x200 100 0
130 390 0x200 100 0
131 390 0x400 0 0
132 395 0x200 100 0
133 400 0x200 100 0
134 400 0x100 0 16
135 400 0x400 0 0
136 400 0x800 0 94
137 405 0x200 100 0
138 410 0x200 100 0
139 410 0x400 0 0
140 415 0x200 100 0
141 420 0x200 100 0
142 420 0x400 0 0
143 425 0x200 100 0
144 430 0x200 100 0
145 430 0x400 0 0
146 435 0x200 100 0
147 440 0x200 100 0
148 440 0x400 0 0
149 445 0x200 100 0
150 450 0x200 100 0
151 450 0x100 0 19
152 450 0x400 0 0
153 455 0x200 100 0
154 460 0x200 100 0
155 460 0x400 0 0
156 465 0x200 100 0
157 470 0x200 100 0
158 470 0x400 0 0
159 475 0x200 100 0
160 480 0x200 100 0
161 480 0x400 0 0
162 485 0x200 100 0
163 490 0x200 100 0
164 490 0x400 0 0
165 495 0x200 100 0
166 500 0x200 100 0
167 500 0x100 0 21
168 500 0x400 0 0
169 500 0x800 0 92
170 505 0x200 100 0
171 510 0x200 100 0
172 510 0x400 0 0
173 515 0x200 100 0
174 520 0x200 100 0
175 520 0x400 0 0
176 525 0x200 100 0
177 530 0x200 100 0
178 530 0x400 0 0
179 535 0x200 100 0
180 540 0x200 100 0
181 540 0x400 0 0
182 545 0x200 100 0
183 550 0x200 100 0
184 550 0x100 0 24
185 550 0x400 0 0
186 555 0x200 100 0
187 560 0x200 100 0
188 560 0x400 0 0
189 565 0x200 100 0
190 570 0x200 100 0
191 570 0x400 0 0
192 575 0x200 100 0
193 580 0x200 100 0
194 580 0x400 0 0
195 585 0x200 100 0
196 590 0x200 100 0
197 590 0x400 0 0
198 595 0x200 100 0
199 600 0x200 100 0
200 600 0x100 0 26
201 600 0x400 0 0
202 600 0x800 0 91
203 605 0x200 100 0
204 610 0x200 100 0
205 610 0x400 0 0
206 615 0x200 100 0
207 620 0x200 100 0
208 620 0x400 0 0
209 625 0x200 100 0
210 630 0x200 100 0
211 630 0x400 0 0
212 635 0x200 100 0
213 640 0x200 100 0
214 640 0x400 0 0
215 645 0x200 100 0
216 650 0x200 100 0
217 650 0x100 0 29
218 650 0x400 0 0
219 655 0x200 100 0
220 660 0x200 100 0
221 660 0x400 0 0
222 665 0x200 100 0
223 670 0x200 100 0
224 670 0x400 0 0
225 675 0x200 100 0
226 680 0x200 100 0
227 680 0x400 0 0
228 685 0x200 100 0
229 690 0x200 100 0
230 690 0x400 0 0
231 695 0x200 100 0
232 700 0x200 100 0
233 700 0x100 0 31
234 700 0x400 0 0
235 700 0x800 0 89
236 705 0x200 100 0
237 710 0x200 100 0
238 710 0x400 0 0
239 715 0x200 100 0
240 720 0x200 100 0
241 720 0x400 0 0
242 725 0x200 100 0
243 730 0x200 100 0
244 730 0x400 0 0
245 735 0x200 100 0
246 740 0x200 100 0
247 740 0x400 0 0
248 745 0x200 100 0
249 750 0x200 100 0
250 750 0x100 0 34
251 750 0x400 0 0
252 755 0x200 100 0
253 760 0x200 100 0
254 760 0x400 0 0
255 765 0x200 100 0
256 770 0x200 100 0
257 770 0x400 0 0
258 775 0x200 100 0
259 780 0x200 100 0
260 780 0x400 0 0
261 785 0x200 100 0
262 790 0x200 100 0
263 790 0x400 0 0
264 795 0x200 100 0
265 800 0x200 100 0
266 800 0x100 0 36
267 800 0x400 0 0
268 800 0x800 0 88
269 805 0x200 100 0
270 810 0x200 100 0
271 810 0x400 0 0
272 815 0x200 100 0
273 820 0x200 100 0
274 820 0x400 0 0
275 825 0x200 100 0
276 830 0x200 100 0
277 830 0x400 0 0
278 835 0x200 100 0
279 840 0x200 100 0
280 840 0x400 0 0
281 845 0x200 100 0
282 850 0x200 100 0
283 850 0x100 0 39
284 850 0x400 0 0
285 855 0x200 100 0
286 860 0x200 100 0
287 860 0x400 0 0
288 865 0x200 100 0
289 870 0x200 100 0
290 870 0x400 0 0
291 875 0x200 100 0
292 880 0x200 100 0
293 880 0x400 0 0
294 885 0x200 100 0
295 890 0x200 100 0
296 890 0x400 0 0
297 895 0x200 100 0
298 900 0x200 100 0
299 900 0x100 0 41
300 900 0x400 0 0
301 900 0x800 0 86
302 905 0x200 100 0
303 910 0x200 100 0
304 910 0x400 0 0
305 915 0x200 100 0
306 920 0x200 100 0
307 920 0x400 0 0
308 925 0x200 100 0
309 930 0x200 100 0
310 930 0x400 0 0
311 935 0x200 100 0
312 940 0x200 100 0
313 940 0x400 0 0
314 945 0x200 100 0
315 950 0x200 100 0
316 950 0x100 0 44
317 950 0x400 0 0
318 955 0x200 100 0
319 960 0x200 100 0
320 960 0x400 0 0
321 965 0x200 100 0
322 970 0x200 100 0
323 970 0x400 0 0
324 975 0x200 100 0
325 980 0x200 100 0
326 980 0x400 0 0
327 985 0x200 100 0
328 990 0x200 100 0
329 990 0x400 0 0
330 995 0x200 100 0
331 1000 0x200 100 0
332 1000 0x100 0 46
333 1000 0x400 0 0
334 1000 0x800 0 85
335 1005 0x200 100 0
336 1010 0x200 100 0
337 1010 0x400 0 0
338 1015 0x200 100 0
339 1020 0x200 100 0
340 1020 0x400 0 0
341 1025 0x200 100 0
342 1030 0x200 100 0
343 1030 0x400 0 0
344 1035 0x200 100 0
345 1040 0x200 100 0
346 1040 0x400 0 0
347 1045 0x200 100 0
348 1050 0x200 100 0
349 1050 0x100 0 49
350 1050 0x400 0 0
351 1055 0x200 100 0
352 1060 0x200 100 0
353 1060 0x400 0 0
354 1065 0x200 100 0
355 1070 0x200 100 0
356 1070 0x400 0 0
357 1075 0x200 100 0
358 1080 0x200 100 0
359 1080 0x400 0 0
360 1085 0x200 100 0
361 1090 0x200 100 0
362 1090 0x400 0 0
363 1095 0x200 100 0
364 1100 0x200 100 0
365 1100 0x100 0 51
366 1100 0x400 0 0
367 1100 0x800 0 83
368 1105 0x200 100 0
369 1110 0x200 100 0
370 1110 0x400 0 0
371 1115 0x200 100 0
372 1120 0x200 100 0
373 1120 0x400 0 0
374 1125 0x200 100 0
375 1130 0x200 100 0
376 1130 0x400 0 0
377 1135 0x200 100 0
378 1140 0x200 100 0
379 1140 0x400 0 0
380 1145 0x200 100 0
381 1150 0x200 100 0
382 1150 0x100 0 54
383 1150 0x400 0 0
384 1155 0x200 100 0
385 1160 0x200 100 0
386 1160 0x400 0 0
387 1165 0x200 100 0
388 1170 0x200 100 0
389 1170 0x400 0 0
390 1175 0x200 100 0
391 1180 0x200 100 0
392 1180 0x400 0 0
393 1185 0x200 100 0
394 1190 0x200 100 0
395 1190 0x400 0 0
396 1195 0x200 100 0
397 1200 0x200 100 0
398 1200 0x100 0 56
399 1200 0x400 0 0
400 1200 0x800 0 82
401 1205 0x200 100 0
402 1210 0x200 100 0
403 1210 0x400 0 0
404 1215 0x200 100 0
405 1220 0x200 100 0
406 1220 0x400 0 0
407 1225 0x200 100 0
408 1230 0x200 100 0
409 1230 0x400 0 0
410 1235 0x200 100 0
411 1240 0x200 100 0
412 1240 0x400 0 0
413 1245 0x200 100 0
414 1250 0x200 100 0
415 1250 0x100 0 59
416 1250 0x400 0 0
417 1255 0x200 100 0
418 1260 0x200 100 0
419 1260 0x400 0 0
420 1265 0x200 100 0
421 1270 0x200 100 0
422 1270 0x400 0 0
423 1275 0x200 100 0
424 1280 0x200 100 0
425 1280 0x400 0 0
426 1285 0x200 100 0
427 1290 0x200 100 0
428 1290 0x400 0 0
429 1295 0x200 100 0
430 1300 0x200 100 0
431 1300 0x100 0 61
432 1300 0x400 0 0
433 1300 0x800 0 82
434 1305 0x200 100 0
435 1310 0x200 100 0
436 1310 0x400 0 0
437 1315 0x200 100 0
438 1320 0x200 100 0
439 1320 0x400 0 0
440 1325 0x200 100 0
441 1330 0x200 100 0
442 1330 0x400 0 0
443 1335 0x200 100 0
444 1340 0x200 100 0
445 1340 0x400 0 0
446 1345 0x200 100 0
447 1350 0x200 100 0
448 1350 0x100 0 64
449 1350 0x400 0 0
450 1355 0x200 100 0
451 1360 0x200 100 0
452 1360 0x400 0 0
453 1365 0x200 100 0
454 1370 0x200 100 0
455 1370 0x400 0 0
456 1375 0x200 100 0
457 1380 0x200 100 0
458 1380 0x400 0 0
459 1385 0x200 100 0
460 1390 0x200 100 0
461 1390 0x400 0 0
462 1395 0x200 100 0
463 1400 0x200 100 0
464 1400 0x100 0 66
465 1400 0x400 0 0
466 1400 0x800 0 82
467 1405 0x200 100 0
468 1410 0x200 100 0
469 1410 0x400 0 0
470 1415 0x200 100 0
471 1420 0x200 100 0
472 1420 0x400 0 0
473 1425 0x200 100 0
474 1430 0x200 100 0
475 1430 0x400 0 0
476 1435 0x200 19 0
477 1440 0x200 18 0
478 1440 0x400 0 0
479 1445 0x200 17 0
480 1450 0x200 16 0
481 1450 0x100 0 68
482 1450 0x400 0 0
483 1455 0x200 16 0
484 1460 0x200 15 0
485 1460 0x400 0 0
486 1465 0x200 14 0
487 1470 0x200 13 0
488 1470 0x400 0 0
489 1475 0x200 12 0
490 1480 0x200 11 0
491 1480 0x400 0 0
492 1485 0x200 10 0
493 1490 0x200 9 0
494 1490 0x400 0 0
495 1495 0x200 8 0
496 1500 0x200 7 0
497 1500 0x100 0 69
498 1500 0x400 0 0
499 1500 0x800 0 82
500 1505 0x200 6 0
501 1510 0x200 5 0
502 1510 0x400 0 0
503 1515 0x200 4 0
504 1520 0x200 3 0
505 1520 0x400 0 0
506 1525 0x200 2 0
507 1530 0x200 1 0
508 1530 0x400 0 0
509 1535 0x200 0 0
510 1540 0x200 0 0
511 1540 0x400 0 0
512 1545 0x200 0 1
513 1550 0x200 0 2
514 1550 0x100 0 69
515 1550 0x400 0 0
516 1555 0x200 0 3
517 1560 0x200 0 4
518 1560 0x400 0 0
519 1565 0x200 0 5
520 1570 0x200 0 6
521 1570 0x400 0 0
522 1575 0x200 0 7
523 1580 0x200 0 8
524 1580 0x400 0 0
525 1585 0x200 0 9
526 1590 0x200 0 10
527 1590 0x400 0 0
528 1595 0x200 0 11
529 1600 0x200 0 0
530 1600 0x100 0 0
531 1600 0x400 0 0
532 1600 0x800 0 82
533 1605 0x200 0 0
534 1610 0x200 0 0
535 1610 0x400 0 0
536 1615 0x200 0 0
537 1620 0x200 0 0
538 1620 0x400 0 0
539 1625 0x200 0 0
540 1630 0x200 0 0
541 1630 0x400 0 0
542 1635 0x200 0 0
543 1640 0x200 0 0
544 1640 0x400 0 0
545 1645 0x200 0 0
546 1650 0x200 0 0
547 1650 0x100 0 1
548 1650 0x400 0 0
549 1655 0x200 0 0
550 1660 0x200 0 0
551 1660 0x400 0 0
552 1665 0x200 0 0
553 1670 0x200 0 0
554 1670 0x400 0 0
555 1675 0x200 0 0
556 1680 0x200 0 0
557 1680 0x400 0 0
558 1685 0x200 0 0
559 1690 0x200 0 0
560 1690 0x400 0 0
561 1695 0x200 0 0
562 1700 0x200 0 0
563 1700 0x100 0 0
564 1700 0x400 0 0
565 1700 0x800 0 80
566 1705 0x200 0 0
567 1710 0x200 0 0
568 1710 0x400 0 0
569 1715 0x200 0 0
570 1720 0x200 0 0
571 1720 0x400 0 0
572 1725 0x200 0 0
573 1730 0x200 0 0
574 1730 0x400 0 0
575 1735 0x200 0 0
576 1740 0x200 0 0
577 1740 0x400 0 0
578 1745 0x200 0 0
579 1750 0x200 0 0
580 1750 0x100 0 0
581 1750 0x400 0 0
582 1755 0x200 0 0
583 1760 0x200 0 0
584 1760 0x400 0 0
585 1765 0x200 0 0
586 1770 0x200 0 0
587 1770 0x400 0 0
588 1775 0x200 0 0
589 1780 0x200 0 0
590 1780 0x400 0 0
591 1785 0x200 0 0
592 1790 0x200 0 0
593 1790 0x400 0 0
594 1795 0x200 0 0
595 1800 0x200 0 0
596 1800 0x100 0 0
597 1800 0x400 0 0
598 1800 0x800 0 79
599 1805 0x200 0 0
600 1810 0x200 0 0
601 1810 0x400 0 0
602 1815 0x200 0 0
603 1820 0x200 0 0
604 1820 0x400 0 0
605 1825 0x200 0 0
606 1830 0x200 0 0
607 1830 0x400 0 0
608 1835 0x200 0 0
609 1840 0x200 0 0
610 1840 0x400 0 0
611 1845 0x200 0 0
612 1850 0x200 0 0
613 1850 0x100 0 0
614 1850 0x400 0 0
615 1855 0x200 0 0
616 1860 0x200 0 0
617 1860 0x400 0 0
618 1865 0x200 0 0
619 1870 0x200 0 0
620 1870 0x400 0 0
621 1875 0x200 0 0
622 1880 0x200 0 0
623 1880 0x400 0 0
624 1885 0x200 0 0
625 1890 0x200 0 0
626 1890 0x400 0 0
627 1895 0x200 0 0
628 1900 0x200 0 0
629 1900 0x100 0 0
630 1900 0x400 0 0
631 1900 0x800 0 77
632 1905 0x200 0 0
633 1910 0x200 0 0
634 1910 0x400 0 0
635 1915 0x200 0 0
636 1920 0x200 0 0
637 1920 0x400 0 0
638 1925 0x200 0 0
639 1930 0x200 0 0
640 1930 0x400 0 0
641 1935 0x200 0 0
642 1940 0x200 0 0
643 1940 0x400 0 0
644 1945 0x200 0 0
645 1950 0x200 0 0
646 1950 0x100 0 0
647 1950 0x400 0 0
648 1955 0x200 0 0
649 1960 0x200 0 0
650 1960 0x400 0 0
651 1965 0x200 0 0
652 1970 0x200 0 0
653 1970 0x400 0 0
654 1975 0x200 0 0
655 1980 0x200 0 0
656 1980 0x400 0 0
657 1985 0x200 0 0
658 1990 0x200 0 0
659 1990 0x400 0 0
660 1995 0x200 0 0
661 2000 0x200 0 0
662 2000 0x100 0 0
663 2000 0x400 0 0
664 2000 0x800 0 76
665 2005 0x200 0 0
666 2010 0x200 0 0
667 2010 0x400 0 0
668 2015 0x200 0 0
669 2020 0x200 0 0
670 2020 0x400 0 0
671 2025 0x200 0 0
672 2030 0x200 0 0
673 2030 0x400 0 0
674 2035 0x200 0 0
675 2040 0x200 0 0
676 2040 0x400 0 0
677 2045 0x200 0 0
678 2050 0x200 0 0
679 2050 0x100 0 0
680 2050 0x400 0 0
681 2055 0x200 0 0
682 2060 0x200 0 0
683 2060 0x400 0 0
684 2065 0x200 0 0
685 2070 0x200 0 0
686 2070 0x400 0 0
687 2075 0x200 0 0
688 2080 0x200 0 0
689 2080 0x400 0 0
690 2085 0x200 0 0
691 2090 0x200 0 0
692 2090 0x400 0 0
693 2095 0x200 0 0
694 2100 0x200 0 0
695 2100 0x100 0 0
696 2100 0x400 0 0
697 2100 0x800 0 74
698 2105 0x200 0 0
699 2110 0x200 0 0
700 2110 0x400 0 0
701 2115 0x200 0 0
702 2120 0x200 0 0
703 2120 0x400 0 0
704 2125 0x200 0 0
705 2130 0x200 0 0
706 2130 0x400 0 0
707 2135 0x200 0 0
708 2140 0x200 0 0
709 2140 0x400 0 0
710 2145 0x200 0 0
711 2150 0x200 0 0
712 2150 0x100 0 0
713 2150 0x400 0 0
714 2155 0x200 0 0
715 2160 0x200 0 0
716 2160 0x400 0 0
717 2165 0x200 0 0
718 2170 0x200 0 0
719 2170 0x400 0 0
720 2175 0x200 0 0
721 2180 0x200 0 0
722 2180 0x400 0 0
723 2185 0x200 0 0
724 2190 0x200 0 0
725 2190 0x400 0 0
726 2195 0x200 0 0
727 2200 0x200 0 0
728 2200 0x100 0 0
729 2200 0x400 0 0
730 2200 0x800 0 73
731 2205 0x200 0 0
732 2210 0x200 0 0
733 2210 0x400 0 0
734 2215 0x200 0 0
735 2220 0x200 0 0
736 2220 0x400 0 0
737 2225 0x200 0 0
738 2230 0x200 0 0
739 2230 0x400 0 0
740 2235 0x200 0 0
741 2240 0x200 0 0
742 2240 0x400 0 0
743 2245 0x200 0 0
744 2250 0x200 0 0
745 2250 0x100 0 0
746 2250 0x400 0 0
747 2255 0x200 0 0
748 2260 0x200 0 0
749 2260 0x400 0 0
750 2265 0x200 0 0
751 2270 0x200 0 0
752 2270 0x400 0 0
753 2275 0x200 0 0
754 2280 0x200 0 0
755 2280 0x400 0 0
756 2285 0x200 0 0
757 2290 0x200 0 0
758 2290 0x400 0 0
759 2295 0x200 0 0
760 2300 0x200 0 0
761 2300 0x100 0 0
762 2300 0x400 0 0
763 2300 0x800 0 71
764 2305 0x200 0 0
765 2310 0x200 0 0
766 2310 0x400 0 0
767 2315 0x200 0 0
768 2320 0x200 0 0
769 2320 0x400 0 0
770 2325 0x200 0 0
771 2330 0x200 0 0
772 2330 0x400 0 0
773 2335 0x200 0 0
774 2340 0x200 0 0
775 2340 0x400 0 0
776 2345 0x200 0 0
777 2350 0x200 0 0
778 2350 0x100 0 0
779 2350 0x400 0 0
780 2355 0x200 0 0
781 2360 0x200 0 0
782 2360 0x400 0 0
783 2365 0x200 0 0
784 2370 0x200 0 0
785 2370 0x400 0 0
786 2375 0x200 0 0
787 2380 0x200 0 0
788 2380 0x400 0 0
789 2385 0x200 0 0
790 2390 0x200 0 0
791 2390 0x400 0 0
792 2395 0x200 0 0
793 2400 0x200 0 0
794 2400 0x100 0 0
795 2400 0x400 0 0
796 2400 0x800 0 70
797 2405 0x200 0 0
798 2410 0x200 0 0
799 2410 0x400 0 0
800 2415 0x200 0 0
801 2420 0x200 0 0
802 2420 0x400 0 0
803 2425 0x200 0 0
804 2430 0x200 0 0
805 2430 0x400 0 0
806 2435 0x200 0 0
807 2440 0x200 0 0
808 2440 0x400 0 0
809 2445 0x200 0 0
810 2450 0x200 0 0
811 2450 0x100 0 0
812 2450 0x400 0 0
813 2455 0x200 0 0
814 2460 0x200 0 0
815 2460 0x400 0 0
816 2465 0x200 0 0
817 2470 0x200 0 0
818 2470 0x400 0 0
819 2475 0x200 0 0
820 2480 0x200 0 0
821 2480 0x400 0 0
822 2485 0x200 0 0
823 2490 0x200 0 0
824 2490 0x400 0 0
825 2495 0x200 0 0
826 2500 0x200 0 0
827 2500 0x100 0 0
828 2500 0x400 0 0
829 2500 0x800 0 68
830 2505 0x200 0 0
831 2510 0x200 0 0
832 2510 0x400 0 0
833 2515 0x200 0 0
834 2520 0x200 0 0
835 2520 0x400 0 0
836 2525 0x200 0 0
837 2530 0x200 0 0
838 2530 0x400 0 0
839 2535 0x200 0 0
840 2540 0x200 0 0
841 2540 0x400 0 0
842 2545 0x200 0 0
843 2550 0x200 0 0
844 2550 0x100 0 0
845 2550 0x400 0 0
846 2555 0x200 0 0
847 2560 0x200 0 0
848 2560 0x400 0 0
849 2565 0x200 0 0
850 2570 0x200 0 0
851 2570 0x400 0 0
852 2575 0x200 0 0
853 2580 0x200 0 0
854 2580 0x400 0 0
855 2585 0x200 0 0
856 2590 0x200 0 0
857 2590 0x400 0 0
858 2595 0x200 0 0
859 2600 0x200 0 0
860 2600 0x100 0 0
861 2600 0x400 0 0
862 2600 0x800 0 67
863 2605 0x200 0 0
864 2610 0x200 0 0
865 2610 0x400 0 0
866 2615 0x200 0 0
867 2620 0x200 0 0
868 2620 0x400 0 0
869 2625 0x200 0 0
870 2630 0x200 0 0
871 2630 0x400 0 0
872 2635 0x200 0 0
873 2640 0x200 0 0
874 2640 0x400 0 0
875 2645 0x200 0 0
876 2650 0x200 0 0
877 2650 0x100 0 0
878 2650 0x400 0 0
879 2655 0x200 0 0
880 2660 0x200 0 0
881 2660 0x400 0 0
882 2665 0x200 0 0
883 2670 0x200 0 0
884 2670 0x400 0 0
885 2675 0x200 0 0
886 2680 0x200 0 0
887 2680 0x400 0 0
888 2685 0x200 0 0
889 2690 0x200 0 0
890 2690 0x400 0 0
891 2695 0x200 0 0
892 2700 0x200 0 0
893 2700 0x100 0 0
894 2700 0x400 0 0
895 2700 0x800 0 65
896 2705 0x200 0 0
897 2710 0x200 0 0
898 2710 0x400 0 0
899 2715 0x200 0 0
900 2720 0x200 0 0
901 2720 0x400 0 0
902 2725 0x200 0 0
903 2730 0x200 0 0
904 2730 0x400 0 0
905 2735 0x200 0 0
906 2740 0x200 0 0
907 2740 0x400 0 0
908 2745 0x200 0 0
909 2750 0x200 0 0
910 2750 0x100 0 0
911 2750 0x400 0 0
912 2755 0x200 0 0
913 2760 0x200 0 0
914 2760 0x400 0 0
915 2765 0x200 0 0
916 2770 0x200 0 0
917 2770 0x400 0 0
918 2775 0x200 0 0
919 2780 0x200 0 0
920 2780 0x400 0 0
921 2785 0x200 0 0
922 2790 0x200 0 0
923 2790 0x400 0 0
924 2795 0x200 0 0
925 2800 0x200 0 0
926 2800 0x100 0 0
927 2800 0x400 0 0
928 2800 0x800 0 64
929 2805 0x200 0 0
930 2810 0x200 0 0
931 2810 0x400 0 0
932 2815 0x200 0 0
933 2820 0x200 0 0
934 2820 0x400 0 0
935 2825 0x200 0 0
936 2830 0x200 0 0
937 2830 0x400 0 0
938 2835 0x200 0 0
939 2840 0x200 0 0
940 2840 0x400 0 0
941 2845 0x200 0 0
942 2850 0x200 0 0
943 2850 0x100 0 0
944 2850 0x400 0 0
945 2855 0x200 0 0
946 2860 0x200 0 0
947 2860 0x400 0 0
948 2865 0x200 0 0
949 2870 0x200 0 0
950 2870 0x400 0 0
951 2875 0x200 0 0
952 2880 0x200 0 0
953 2880 0x400 0 0
954 2885 0x200 0 0
955 2890 0x200 0 0
956 2890 0x400 0 0
957 2895 0x200 0 0
958 2900 0x200 0 0
959 2900 0x100 0 0
960 2900 0x400 0 0
961 2900 0x800 0 62
962 2905 0x200 0 0
963 2910 0x200 0 0
964 2910 0x400 0 0
965 2915 0x200 0 0
966 2920 0x200 0 0
967 2920 0x400 0 0
968 2925 0x200 0 0
969 2930 0x200 0 0
970 2930 0x400 0 0
971 2935 0x200 0 0
972 2940 0x200 0 0
973 2940 0x400 0 0
974 2945 0x200 0 0
975 2950 0x200 0 0
976 2950 0x100 0 0
977 2950 0x400 0 0
978 2955 0x200 0 0
979 2960 0x200 0 0
980 2960 0x400 0 0
981 2965 0x200 0 0
982 2970 0x200 0 0
983 2970 0x400 0 0
984 2975 0x200 0 0
985 2980 0x200 0 0
986 2980 0x400 0 0
987 2985 0x200 0 0
988 2990 0x200 0 0
989 2990 0x400 0 0
990 2995 0x200 0 0
991 3000 0x200 0 0
992 3000 0x100 0 0
993 3000 0x400 0 0
994 3000 0x800 0 61
995 3005 0x200 0 0
996 3010 0x200 0 0
997 3010 0x400 0 0
998 3015 0x200 0 0
999 3020 0x200 0 0
1000 3020 0x400 0 0
1001 3025 0x200 0 0
1002 3030 0x200 0 0
1003 3030 0x400 0 0
1004 3035 0x200 0 0
1005 3040 0x200 0 0
1006 3040 0x400 0 0
1007 3045 0x200 0 0
1008 3050 0x200 0 0
1009 3050 0x100 0 0
1010 3050 0x400 0 0
1011 3055 0x200 0 0
1012 3060 0x200 0 0
1013 3060 0x400 0 0
1014 3065 0x200 0 0
1015 3070 0x200 0 0
1016 3070 0x400 0 0
1017 3075 0x200 0 0
1018 3080 0x200 0 0
1019 3080 0x400 0 0
1020 3085 0x200 0 0
1021 3090 0x200 0 0
1022 3090 0x400 0 0
1023 3095 0x200 0 0
1024 3100 0x200 0 0
1025 3100 0x100 0 0
1026 3100 0x400 0 0
1027 3100 0x800 0 59
1028 3105 0x200 0 0
1029 3110 0x200 0 0
1030 3110 0x400 0 0
1031 3115 0x200 0 0
1032 3120 0x200 0 0
1033 3120 0x400 0 0
1034 3125 0x200 0 0
1035 3130 0x200 0 0
1036 3130 0x400 0 0
1037 3135 0x200 0 0
1038 3140 0x200 0 0
1039 3140 0x400 0 0
1040 3145 0x200 0 0
1041 3150 0x200 0 0
1042 3150 0x100 0 0
1043 3150 0x400 0 0
1044 3155 0x200 0 0
1045 3160 0x200 0 0
1046 3160 0x400 0 0
1047 3165 0x200 0 0
1048 3170 0x200 0 0
1049 3170 0x400 0 0
1050 3175 0x200 0 0
1051 3180 0x200 0 0
1052 3180 0x400 0 0
1053 3185 0x200 0 0
1054 3190 0x200 0 0
1055 3190 0x400 0 0
1056 3195 0x200 0 0
1057 3200 0x200 0 0
1058 3200 0x100 0 0
1059 3200 0x400 0 0
1060 3200 0x800 0 58
1061 3205 0x200 0 0
1062 3210 0x200 0 0
1063 3210 0x400 0 0
1064 3215 0x200 0 0
1065 3220 0x200 0 0
1066 3220 0x400 0 0
1067 3225 0x200 0 0
1068 3230 0x200 0 0
1069 3230 0x400 0 0
1070 3235 0x200 0 0
1071 3240 0x200 0 0
1072 3240 0x400 0 0
1073 3245 0x200 0 0
1074 3250 0x200 0 0
1075 3250 0x100 0 0
1076 3250 0x400 0 0
1077 3255 0x200 0 0
1078 3260 0x200 0 0
1079 3260 0x400 0 0
1080 3265 0x200 0 0
1081 3270 0x200 0 0
1082 3270 0x400 0 0
1083 3275 0x200 0 0
1084 3280 0x200 0 0
1085 3280 0x400 0 0
1086 3285 0x200 0 0
1087 3290 0x200 0 0
1088 3290 0x400 0 0
1089 3295 0x200 0 0
1090 3300 0x200 0 0
1091 3300 0x100 0 0
1092 3300 0x400 0 0
1093 3300 0x800 0 56
1094 3305 0x200 0 0
1095 3310 0x200 0 0
1096 3310 0x400 0 0
1097 3315 0x200 0 0
1098 3320 0x200 0 0
1099 3320 0x400 0 0
1100 3325 0x200 0 0
1101 3330 0x200 0 0
1102 3330 0x400 0 0
1103 3335 0x200 0 0
1104 3340 0x200 0 0
1105 3340 0x400 0 0
1106 3345 0x200 0 0
1107 3350 0x200 0 0
1108 3350 0x100 0 0
1109 3350 0x400 0 0
1110 3355 0x200 0 0
1111 3360 0x200 0 0
1112 3360 0x400 0 0
1113 3365 0x200 0 0
1114 3370 0x200 0 0
1115 3370 0x400 0 0
1116 3375 0x200 0 0
1117 3380 0x200 0 0
1118 3380 0x400 0 0
1119 3385 0x200 0 0
1120 3390 0x200 0 0
1121 3390 0x400 0 0
1122 3395 0x200 0 0
1123 3400 0x200 0 0
1124 3400 0x100 0 0
1125 3400 0x400 0 0
1126 3400 0x800 0 55
1127 3405 0x200 0 0
1128 3410 0x200 0 0
1129 3410 0x400 0 0
1130 3415 0x200 0 0
1131 3420 0x200 0 0
1132 3420 0x400 0 0
1133 3425 0x200 0 0
1134 3430 0x200 0 0
1135 3430 0x400 0 0
1136 3435 0x200 0 0
1137 3440 0x200 0 0
1138 3440 0x400 0 0
1139 3445 0x200 0 0
1140 3450 0x200 0 0
1141 3450 0x100 0 0
1142 3450 0x400 0 0
1143 3455 0x200 0 0
1144 3460 0x200 0 0
1145 3460 0x400 0 0
1146 3465 0x200 0 0
1147 3470 0x200 0 0
1148 3470 0x400 0 0
1149 3475 0x200 0 0
1150 3480 0x200 0 0
1151 3480 0x400 0 0
1152 3485 0x200 0 0
1153 3490 0x200 0 0
1154 3490 0x400 0 0
1155 3495 0x200 0 0
1156 3500 0x200 0 0
1157 3500 0x100 0 0
1158 3500 0x400 0 0
1159 3500 0x800 0 53
1160 3505 0x200 0 0
1161 3510 0x200 0 0
1162 3510 0x400 0 0
1163 3515 0x200 0 0
1164 3520 0x200 0 0
1165 3520 0x400 0 0
1166 3525 0x200 0 0
1167 3530 0x200 0 0
1168 3530 0x400 0 0
1169 3535 0x200 0 0
1170 3540 0x200 0 0
1171 3540 0x400 0 0
1172 3545 0x200 0 0
1173 3550 0x200 0 0
1174 3550 0x100 0 0
1175 3550 0x400 0 0
1176 3555 0x200 0 0
1177 3560 0x200 0 0
1178 3560 0x400 0 0
1179 3565 0x200 0 0
1180 3570 0x200 0 0
1181 3570 0x400 0 0
1182 3575 0x200 0 0
1183 3580 0x200 0 0
1184 3580 0x400 0 0
1185 3585 0x200 0 0
1186 3590 0x200 0 0
1187 3590 0x400 0 0
1188 3595 0x200 0 0
1189 3600 0x200 0 0
1190 3600 0x100 0 0
1191 3600 0x400 0 0
1192 3600 0x800 0 52
1193 3605 0x200 0 0
1194 3610 0x200 0 0
1195 3610 0x400 0 0
1196 3615 0x200 0 0
1197 3620 0x200 0 0
1198 3620 0x400 0 0
1199 3625 0x200 0 0
1200 3630 0x200 0 0
1201 3630 0x400 0 0
1202 3635 0x200 0 0
1203 3640 0x200 0 0
1204 3640 0x400 0 0
1205 3645 0x200 0 0
1206 3650 0x200 0 0
1207 3650 0x100 0 0
1208 3650 0x400 0 0
1209 3655 0x200 0 0
1210 3660 0x200 0 0
1211 3660 0x400 0 0
1212 3665 0x200 0 0
1213 3670 0x200 0 0
1214 3670 0x400 0 0
1215 3675 0x200 0 0
1216 3680 0x200 0 0
1217 3680 0x400 0 0
1218 3685 0x200 0 0
1219 3690 0x200 0 0
1220 3690 0x400 0 0
1221 3695 0x200 0 0
1222 3700 0x200 0 0
1223 3700 0x100 0 0
1224 3700 0x400 0 0
1225 3700 0x800 0 50
1226 3705 0x200 0 0
1227 3710 0x200 0 0
1228 3710 0x400 0 0
1229 3715 0x200 0 0
1230 3720 0x200 0 0
1231 3720 0x400 0 0
1232 3725 0x200 0 0
1233 3730 0x200 0 0
1234 3730 0x400 0 0
1235 3735 0x200 0 0
1236 3740 0x200 0 0
1237 3740 0x400 0 0
1238 3745 0x200 0 0
1239 3750 0x200 0 0
1240 3750 0x100 0 0
1241 3750 0x400 0 0
1242 3755 0x200 0 0
1243 3760 0x200 0 0
1244 3760 0x400 0 0
1245 3765 0x200 0 0
1246 3770 0x200 0 0
1247 3770 0x400 0 0
1248 3775 0x200 0 0
1249 3780 0x200 0 0
1250 3780 0x400 0 0
1251 3785 0x200 0 0
1252 3790 0x200 0 0
1253 3790 0x400 0 0
1254 3795 0x200 0 0
1255 3800 0x200 0 0
1256 3800 0x100 0 0
1257 3800 0x400 0 0
1258 3800 0x800 0 49
1259 3805 0x200 0 0
1260 3810 0x200 0 0
1261 3810 0x400 0 0
1262 3815 0x200 0 0
1263 3820 0x200 0 0
1264 3820 0x400 0 0
1265 3825 0x200 0 0
1266 3830 0x200 0 0
1267 3830 0x400 0 0
1268 3835 0x200 0 0
1269 3840 0x200 0 0
1270 3840 0x400 0 0
1271 3845 0x200 0 0
1272 3850 0x200 0 0
1273 3850 0x100 0 0
1274 3850 0x400 0 0
1275 3855 0x200 0 0
1276 3860 0x200 0 0
1277 3860 0x400 0 0
1278 3865 0x200 0 0
1279 3870 0x200 0 0
1280 3870 0x400 0 0
1281 3875 0x200 0 0
1282 3880 0x200 0 0
1283 3880 0x400 0 0
1284 3885 0x200 0 0
1285 3890 0x200 0 0
1286 3890 0x400 0 0
1287 3895 0x200 0 0
1288 3900 0x200 0 0
1289 3900 0x100 0 20
1290 3900 0x400 0 0
1291 3900 0x800 0 49
1292 3905 0x200 0 0
1293 3910 0x200 0 0
1294 3910 0x400 0 0
1295 3915 0x200 0 0
1296 3920 0x200 0 0
1297 3920 0x400 0 0
1298 3925 0x200 0 0
1299 3930 0x200 0 0
1300 3930 0x400 0 0
1301 3935 0x200 0 0
1302 3940 0x200 0 0
1303 3940 0x400 0 0
1304 3945 0x200 0 0
1305 3950 0x200 0 0
1306 3950 0x100 0 100
1307 3950 0x400 0 0
1308 3955 0x200 0 0
1309 3960 0x200 0 0
1310 3960 0x400 0 0
1311 3965 0x200 0 0
1312 3970 0x200 0 0
1313 3970 0x400 0 0
1314 3975 0x200 0 0
1315 3980 0x200 0 0
1316 3980 0x400 0 0
1317 3985 0x200 0 0
1318 3990 0x200 0 0
1319 3990 0x400 0 0
1320 3995 0x200 0 0
